0.5113287
0.5197769
0.5197769
0.51264685
0.46228266
0.43432307
0.4637112
0.5229026
0.47377223
0.48939875
0.4944927
0.50255495
0.4941158
0.504122
0.50363255
0.4886022
0.49470338
0.4786188
0.4556427
0.4902073
0.47811598
0.44644096
0.49955395
0.49086466
0.47953817
0.46196973
0.50202674
0.48781493
0.49095544
0.47691378
0.48399383
0.4839939
0.4871174
0.48116773
0.49459285
0.46691594
0.46181262
0.46181256
0.48049355
0.4835937
0.49683872
0.4704624
0.49597216
0.4935804
0.34457466
0.47000858
0.5082952
0.47444215
0.5232519
0.4530532
0.48001143
0.4923081
0.49467373
0.49796063
0.4817332
0.4903719
0.5132728
0.51207775
0.51207775
0.46665516
0.48123813
0.48123813
0.51140124
0.49287435
0.51304555
0.50070614
0.4699752
0.47817484
0.5150788
0.47595024
0.47595024
0.47510588
0.48249823
0.48724666
0.4943526
0.45359164
0.442341
0.43391904
0.4339191
0.48117408
0.4845369
0.44885433
0.5031305
0.46145278
0.49528018
0.45433447
0.48826936
0.47539952
0.43953001
0.43963888
0.4684962
0.44702154
0.4745673
0.4745673
0.48875377
0.4893044
0.48844153
0.47207806
0.49391425
0.48974